score: 0.08000907635651529
accuracy: 0.9736625
precision: 0.9733903005759521
recall: 0.9739499999987825
