score: 0.11244220223028406
accuracy: 0.98198125
precision: 0.9846285333622605
recall: 0.9792499999987759
