score: 0.3362360287945584
accuracy: 0.9183364792477139
precision: 0.9260579518244563
recall: 0.9092727318171588
