score: 0.3852030687093735
accuracy: 0.8925875
precision: 0.8858259010824232
recall: 0.9013499999988733
