score: 0.1451717280666344
accuracy: 0.9453625
precision: 0.9544515306110275
recall: 0.9353624999988308
