score: 0.29231374976809266
accuracy: 0.8717905447665995
precision: 0.9118033921759615
recall: 0.823208080200976
