score: 0.08474170302897692
accuracy: 0.98234375
precision: 0.9814710836596401
recall: 0.9832499999987709
