score: 0.3617619416296482
accuracy: 0.825425
precision: 0.8717337293302229
recall: 0.7631374999990461
